"DTXSID","Compound","CAS","Species","Reference","AIC.flat","AIC.1comp","AIC.2comp","AIC.best","Model","Vdist","kelim","kgutabs","Fgutabs","Vdist.1comp","kelim.1comp","kgutabs.1comp","Fgutabs.1comp","Vdist.2comp","V1.2comp","k12.2comp","k21.2comp","kelim.2comp","kgutabs.2comp","Fgutabs.2comp","Ralphatokelim.2comp","Fbetaofalpha.2comp","alpha.2comp","beta.2comp","halflife"
"DTXSID6021402","1,2,4-Trimethylbenzene","95-63-6","rat","24790",-212,-253,-263,-263,"2Comp",55.8,0.471,73.6,NA,38.4,0.425,351,NA,55.8,31.4,0.542,0.697,0.471,73.6,NA,3.16,0.148,1.49,0.22,1.47
"DTXSID6020438","1,2-Dichloroethane","107-06-2","rat","18",-244,-280,-276,-280,"1Comp",3.65,0.343,21.1,NA,3.65,0.343,21.1,NA,3.69,3.12,0.619,3.4,0.39,17.7,NA,10.5,0.0794,4.09,0.324,2.02
"DTXSID2024666","1,4-Butanediol","110-63-4","rat","24791",-39.2,-54.6,372,-54.6,"1Comp",1.65,3.45,25.9,NA,1.65,3.45,25.9,NA,4.27,2.86,1.98,4.03,4.23,2,NA,1.93,0.257,8.15,2.09,0.201
"DTXSID4020533","1,4-Dioxane","123-91-1","rat","24, 6",-179,-367,Inf,-367,"1Comp",1.2,0.0516,NA,NA,1.2,0.0516,NA,NA,0.659,1.32,-0.138,0.276,0.0237,NA,NA,3.41,0.999,0.0808,0.0808,13.4
"DTXSID5020285","1-Chloro-2-propanol","127-00-4","rat","176",-1150,-1390,-1390,-1390,"2Comp",2.38,1.99,12,NA,2.83,1.37,20.5,NA,2.38,1.61,0.903,1.9,1.99,12,NA,1.91,0.262,3.8,0.997,0.348
"DTXSID2021315","2,3,7,8-Tetrachlorodibenzo-p-dioxin","1746-01-6","rat","177",-110,-108,-107,-110,"Flat",NA,NA,NA,NA,1.45,0.00189,11.6,NA,2.66,0.393,0.28,0.0486,0.00673,14.6,NA,49.7,0.00293,0.334,0.000979,NA
"DTXSID0020442","2,4-Dichlorophenoxyacetic acid","94-75-7","rat","164, 192",-1450,-1670,-1730,-1730,"2Comp",0.339,1.74,8.83,0.884,0.336,0.257,17.8,0.745,0.339,0.0551,5.33,1.03,1.74,8.83,0.884,4.53,0.029,7.87,0.228,0.399
"DTXSID8022406","2,4-Dihydroxybenzophenone","131-56-6","rat","129",-3110,-3350,-3370,-3370,"2Comp",235,0.717,1.46,0.999,29,2.28,0.0928,1,235,42.2,0.578,0.127,0.717,1.46,0.999,1.89,0.0495,1.35,0.067,0.967
"DTXSID3026306","2,5-Dimethylaniline","95-78-3","rat","24984",-147,-177,Inf,-177,"1Comp",4.99,0.105,8.38,NA,4.99,0.105,8.38,NA,3.19,4.95,-0.171,0.481,0.0782,7.65,NA,2.48,1,0.194,0.194,6.6
"DTXSID8026307","2,6-Dimethylaniline","87-62-7","rat","24984",-137,-204,-201,-204,"1Comp",5.45,0.431,5.8,NA,5.45,0.431,5.8,NA,61.4,4.94,0.206,0.018,0.248,5.65,NA,1.87,0.0209,0.463,0.00966,1.61
"DTXSID00343363","2-(1H-Imidazol-2-yl)pyridine","18653-75-3","rat","24983",Inf,-245,Inf,-245,"1Comp",6.12,0.27,3.84,NA,6.12,0.27,3.84,NA,0.00516,7.12,-1500,1510,0.000163,4.95,NA,4740,0.41,0.776,0.316,2.56
"DTXSID3022405","2-Hydroxy-4-methoxybenzophenone","131-57-7","rat","129",-4140,-4670,-4680,-4680,"2Comp",14.3,0.334,1.8,0.0491,12.2,0.177,2.99,0.0335,14.3,5.97,0.431,0.308,0.334,1.8,0.0491,2.9,0.11,0.966,0.106,2.08
"DTXSID4022107","2-Methylimidazole","693-98-1","rat","150",-426,-565,-593,-593,"2Comp",2.44,0.0203,NA,NA,1.54,0.0167,NA,NA,2.44,1.17,0.0198,0.0181,0.0203,NA,NA,2.52,0.141,0.051,0.00721,34.2
"DTXSID9030258","2-Methyltetrahydrofuran","96-47-9","rat","175",Inf,-3240,Inf,-3240,"1Comp",0.813,0.384,34.7,0.477,0.813,0.384,34.7,0.477,0.308,0.898,-3.68,5.6,0.122,42.2,0.499,13.3,0.259,1.62,0.42,1.81
"DTXSID3032179","3,3',4,4',5-Pentachlorobiphenyl","57465-28-8","rat","179",Inf,Inf,Inf,NA,"None",3080,3.66e-07,187,NA,577,3e-05,9800,NA,3080,553,0.000449,9.83e-05,3.66e-07,187,NA,400,0.000449,0.000547,6.58e-08,1890000
"DTXSID7038319","3-Hydroxybenz[a]pyrene","13345-21-6","rat","54, 59",-295,-324,-324,-324,"2Comp",4860,0.00215,0.464,0.0834,333,0.0547,0.498,0.0709,4860,316,0.0645,0.00449,0.00215,0.464,0.0834,33.1,0.00191,0.071,0.000136,323
"DTXSID9025617","4-Methylimidazole","822-36-6","rat","151",-497,-716,-755,-755,"2Comp",1.27,0.741,NA,NA,1.16,0.484,NA,NA,1.27,0.796,3.98,6.62,0.741,NA,NA,14.7,0.0414,10.9,0.451,0.935
"DTXSID20873970","Carbon-14","14762-75-5","rat","61, 65",63.8,23.4,Inf,23.4,"1Comp",0.00541,0.139,35.7,NA,0.00541,0.139,35.7,NA,0.182,0.00489,0.19,0.00525,0.000122,8990,NA,1590,1.68e-05,0.195,3.27e-06,4.98
"DTXSID80881374","Tritium molecule","10028-17-8","rat","31",-265,-344,-341,-344,"1Comp",9.63,9.2,1.09e-09,2.32e-06,9.63,9.2,1.09e-09,2.32e-06,12.8,9.17,3.14,8.03,8.53,2.07,0.46,1.78,0.297,15.2,4.51,0.0753
"DTXSID2020006","Acetaminophen","103-90-2","rat","24786",-146,-189,-199,-199,"2Comp",0.638,2.87,6.24,NA,0.88,1.34,13.2,NA,0.638,0.116,1.87,0.416,2.87,6.24,NA,1.71,0.0496,4.91,0.243,0.242
"DTXSID5020027","Acrylamide","79-06-1","rat","24985",-250,-279,Inf,-279,"1Comp",4.13,0.2,0.956,NA,4.13,0.2,0.956,NA,2.85,3.92,-0.179,0.655,0.128,1.05,NA,3.02,0.56,0.388,0.217,3.46
"DTXSID5020029","Acrylonitrile","107-13-1","rat",NA,Inf,Inf,Inf,NA,"None",NA,NA,NA,NA,NA,NA,NA,NA,NA,NA,NA,NA,NA,NA,NA,NA,NA,NA,NA,NA
"DTXSID6046214","Adefovir","106941-25-7","rat","24986",-269,-314,-314,-314,"1Comp",38.3,0.175,3.53,NA,38.3,0.175,3.53,NA,63.7,29.6,0.143,0.124,0.144,2.69,NA,2.52,0.136,0.361,0.0492,3.97
"DTXSID40430968","AG-041R","199800-49-2","rat","24796",-236,-284,Inf,-284,"1Comp",20.2,1.57,0.685,NA,20.2,1.57,0.685,NA,3.48,3.71,-0.191,3.06,0.755,0.89,NA,3.7,0.295,2.79,0.825,0.442
"DTXSID1022265","Alachlor","15972-60-8","rat","192",-902,-966,Inf,-966,"1Comp",173,0.0737,52.4,0.125,173,0.0737,52.4,0.125,17.9,193,-2.41,2.65,0.00595,126,0.122,21.1,1,0.126,0.126,9.4
"DTXSID3026148","alpha-Thujone","546-80-5","rat","130",-4200,-4710,-4810,-4810,"2Comp",15.3,0.911,6.3,0.228,12.3,0.182,13.4,0.178,15.3,2.78,3.43,0.76,0.911,6.3,0.228,5.44,0.0282,4.96,0.14,0.761
"DTXSID4022577","Alprazolam","28981-97-7","rat",NA,Inf,Inf,Inf,NA,"None",NA,NA,NA,NA,NA,NA,NA,NA,NA,NA,NA,NA,NA,NA,NA,NA,NA,NA,NA,NA
"DTXSID7022592","Amiodarone","1951-25-3","rat","24988",-320,-342,Inf,-342,"1Comp",105,0.0589,1.94,NA,105,0.0589,1.94,NA,447,89.1,0.0959,0.0239,1.29e-05,1.64,NA,8630,2.31e-05,0.12,2.57e-06,11.8
"DTXSID8020090","Aniline","62-53-3","rat","24798",-110,-184,Inf,-184,"1Comp",1.19,1.1,19.6,NA,1.19,1.1,19.6,NA,1.08,1.17,-0.158,1.94,0.979,7760,NA,1.47,0.912,1.44,1.31,0.631
"DTXSID3020095","Anthraquinone","84-65-1","rat","166",Inf,-2500,-2510,-2510,"2Comp",7.06,0.109,0.167,0.374,3.79,0.133,0.0115,0.355,7.06,3.87,0.0498,0.0605,0.109,0.167,0.374,1.68,0.196,0.184,0.0361,6.33
"DTXSID80436500","Apixaban","503612-47-3","rat","24799",-395,-436,Inf,-436,"1Comp",13.5,0.324,0.324,NA,13.5,0.324,0.324,NA,0.849,0.85,-7.62e-05,0.23,0.314,0.334,NA,0.999,0.735,0.314,0.231,2.14
"DTXSID8022614","Apomorphine","58-00-4","rat","24800",-316,-351,Inf,-351,"1Comp",1800,0.203,31.6,NA,1800,0.203,31.6,NA,15.3,9.54,0.0076,0.0127,0.751,0.453,NA,1.01,0.0165,0.759,0.0126,3.42
"DTXSID5020108","Aspirin","50-78-2","rat","24801",-193,-242,Inf,-242,"1Comp",1.66,8.53,8.53,NA,1.66,8.53,8.53,NA,5.87,3.91,2.74,5.47,5.47,2.19,NA,2,0.25,10.9,2.74,0.0813
"DTXSID9044297","Atomoxetine","83015-26-3","rat","24803",-268,-310,-310,-310,"2Comp",277,0.39,0.674,NA,233,0.248,1.28,NA,277,20.9,0.183,0.0149,0.39,0.674,NA,1.48,0.0175,0.577,0.0101,1.78
"DTXSID8030760","Azithromycin","83905-01-5","rat","24804",-302,-311,-308,-311,"1Comp",144,0.0249,0.343,NA,144,0.0249,0.343,NA,86.7,6.68,0.0756,0.0063,0.0822,0.173,NA,1.96,0.02,0.161,0.00322,27.8
"DTXSID7040653","Balsalazide","80573-04-2","rat","24805",-228,-246,-251,-251,"2Comp",172,4.46,13600,NA,274,0.203,71.7,NA,172,9.98,11.1,0.683,4.46,13600,NA,3.6,0.0118,16.1,0.19,0.155
"DTXSID9032329","Bensulide","741-58-2","rat","192",Inf,Inf,Inf,NA,"None",0.0835,0.673,4.32,0.032,0.0585,0.395,8.88,0.023,0.0835,0.0683,0.0193,0.0866,0.673,4.32,0.032,1.03,0.121,0.695,0.0839,1.03
"DTXSID2020139","Benzo[a]pyrene","50-32-8","rat","36, 46, 54, 59",Inf,-819,-924,-924,"2Comp",3.67,0.821,1.27,0.512,1.18,0.159,1.11,0.218,3.67,0.588,0.356,0.068,0.821,1.27,0.512,1.46,0.0388,1.2,0.0465,0.845
"DTXSID0021961","Benzophenone","119-61-9","rat","171",-4680,-4960,-5160,-5160,"2Comp",12.6,0.292,10.5,0.353,2.73,0.15,37.5,0.283,12.6,1.91,1.81,0.324,0.292,10.5,0.353,8.18,0.0165,2.39,0.0396,2.37
"DTXSID7047859","Benzydamine","642-72-8","rat","24807",-94.9,-122,-119,-122,"1Comp",13.2,0.422,6.12,NA,13.2,0.422,6.12,NA,15.7,8.31,0.365,0.409,0.459,3.64,NA,2.3,0.169,1.05,0.178,1.64
"DTXSID7049136","Beraprost","88430-50-6","rat","24808",-242,-271,-272,-272,"2Comp",1.11,1.11,1.52,NA,8.63,0.134,4.48,NA,1.11,0.329,0.269,0.114,1.11,1.52,NA,1.26,0.0642,1.4,0.0901,0.625
"DTXSID20211535","beta-Hydroxyisovaleric acid","625-08-1","rat","24989",-146,-197,-216,-216,"2Comp",0.389,0.962,1.45,NA,1.44,0.444,2.93,NA,0.389,0.193,0.151,0.149,0.962,1.45,NA,1.18,0.111,1.14,0.126,0.721
"DTXSID2022674","Betaxolol","63659-18-7","rat","24809",-306,-321,-319,-321,"1Comp",106,0.454,8.68,NA,106,0.454,8.68,NA,19.7,5.75,0.802,0.33,2.37,3.58,NA,1.38,0.0736,3.26,0.24,1.53
"DTXSID1040619","Bexarotene","153559-49-0","rat","24990",-170,-189,-185,-189,"1Comp",26.2,0.101,1.1,NA,26.2,0.101,1.1,NA,17.2,8.9,0.287,0.307,0.216,0.872,NA,3.32,0.129,0.718,0.0924,6.89
"DTXSID4023917","Bis(2-chloroethoxy)methane","111-91-1","rat","155",Inf,-1090,-1170,-1170,"2Comp",2.32,3.44,NA,NA,2.86,0.655,NA,NA,2.32,0.648,3.28,1.27,3.44,NA,NA,2.15,0.0798,7.4,0.59,0.201
"DTXSID6022682","Bisoprolol","66722-44-9","rat","24810",-239,-279,-283,-283,"2Comp",0.444,1.79,2.78,NA,2.17,0.442,7.08,NA,0.444,0.195,0.503,0.395,1.79,2.78,NA,1.34,0.124,2.39,0.296,0.387
"DTXSID7020182","Bisphenol A","80-05-7","rat",NA,Inf,Inf,Inf,NA,"None",NA,NA,NA,NA,NA,NA,NA,NA,NA,NA,NA,NA,NA,NA,NA,NA,NA,NA,NA,NA
"DTXSID6034392","Boscalid","188425-85-6","rat","192",-675,-798,-855,-855,"2Comp",11.3,1.1,3.7,0.21,5.9,0.229,4.4,0.132,11.3,1.91,2.02,0.412,1.1,3.7,0.21,3.09,0.0393,3.39,0.133,0.631
"DTXSID7046627","Bosentan","147536-97-8","rat","198",-196,-225,Inf,-225,"1Comp",3.16,0.244,1.74,0.313,3.16,0.244,1.74,0.313,3.38,0.29,13.6,1.28,3.83,32.5,0.461,4.82,0.0144,18.5,0.266,2.84
"DTXSID40171081","Bromazepam","1812-30-2","rat","24991",-163,-195,-199,-199,"2Comp",1.61,0.885,1.04,NA,7.76,0.57,1.55,NA,1.61,0.301,0.0938,0.0216,0.885,1.04,NA,1.11,0.0199,0.98,0.0195,0.784
"DTXSID5024637","Bromobenzene","108-86-1","rat","24785",-124,-143,-140,-143,"1Comp",13.4,0.876,2.47,NA,13.4,0.876,2.47,NA,1.66,0.867,0.153,0.168,1.5,1.81,NA,1.11,0.0907,1.67,0.151,0.792
"DTXSID4024642","Bromochloroacetic acid","5589-96-8","rat","132",-1890,Inf,-2070,-2070,"2Comp",3.94,0.359,6.83,1,1.03,1.31,0.866,1.02,3.94,2.4,0.489,0.764,0.359,6.83,1,3.95,0.136,1.42,0.193,1.93
"DTXSID1020198","Bromodichloromethane","75-27-4","rat","154",-837,-924,-978,-978,"2Comp",19.2,2.02,NA,NA,9.08,0.367,NA,NA,19.2,2.76,7.6,1.28,2.02,NA,NA,5.28,0.0227,10.7,0.242,0.343
"DTXSID0020232","Caffeine","58-08-2","rat",NA,Inf,Inf,Inf,NA,"None",NA,NA,NA,NA,NA,NA,NA,NA,NA,NA,NA,NA,NA,NA,NA,NA,NA,NA,NA,NA
"","","","rat",NA,Inf,Inf,Inf,NA,"None",NA,NA,NA,NA,NA,NA,NA,NA,NA,NA,NA,NA,NA,NA,NA,NA,NA,NA,NA,NA
"DTXSID9020247","1-Naphthalenol, 1-(N-methylcarbamate)","63-25-2","rat","192",Inf,-466,-260,-466,"1Comp",41.6,4.49,6.46,0.135,41.6,4.49,6.46,0.135,45.7,26,3.71,4.9,6.42,2.18,0.0799,1.95,0.201,12.5,2.51,0.155
"DTXSID4024729","Carbendazim","10605-21-7","rat","201",-40.2,-68.6,-64.6,-68.6,"1Comp",33.1,0.245,1.03,NA,33.1,0.245,1.03,NA,19.3,14.8,0.214,0.706,0.359,1.03,NA,2.88,0.237,1.03,0.245,2.83
"DTXSID7022754","Cefixime","79350-37-1","rat","24813",-87.2,-116,-123,-123,"2Comp",0.275,0.607,0.812,NA,1.76,0.172,1.87,NA,0.275,0.105,0.105,0.0648,0.607,0.812,NA,1.19,0.0753,0.723,0.0544,1.14
"DTXSID3020259","Celiprolol","56980-93-9","rat","24814",-234,-240,Inf,-240,"1Comp",31.2,0.577,0.577,NA,31.2,0.577,0.577,NA,10,1.25,13.4,1.91,6.92,4.02,NA,3.13,0.0281,21.7,0.61,1.2
"DTXSID3034872","Chloridazon","1698-60-8","rat","192",Inf,-894,Inf,-894,"1Comp",6.92,0.0822,2.93,1,6.92,0.0822,2.93,1,10.2,6.71,0.0526,0.1,0.127,3.04,1.1,1.75,0.257,0.222,0.0571,8.43
"DTXSID3024786","Chlorogenic acid","327-97-9","rat","24815",-220,-253,-260,-260,"2Comp",7.06,1.04,1.37,NA,48.4,0.236,3.5,NA,7.06,1.89,0.209,0.0766,1.04,1.37,NA,1.21,0.05,1.26,0.0631,0.667
"DTXSID0022808","Chlorpromazine","50-53-3","rat","24993",-247,-259,Inf,-259,"1Comp",421,0.0419,0.714,NA,421,0.0419,0.714,NA,52.9,469,-1.19,1.34,0.00451,0.875,NA,17.2,0.999,0.0778,0.0777,16.5
"DTXSID4020458","Chlorpyrifos","2921-88-2","rat","202",-337,-364,-367,-367,"2Comp",43.2,0.553,1.13,NA,100,0.179,0.326,NA,43.2,19,0.567,0.444,0.553,1.13,NA,2.51,0.128,1.39,0.177,1.25
"DTXSID8022824","Ciprofloxacin","85721-33-1","rat","24994",-277,-351,Inf,-351,"1Comp",4.59,0.379,1.86,NA,4.59,0.379,1.86,NA,2.26,5.15,-1.17,2.08,0.132,2.42,NA,3.98,0.999,0.524,0.524,1.83
"DTXSID1022845","Clonazepam","1622-61-3","rat","24995",-267,-282,-307,-307,"2Comp",7.19,2.23,4.5,NA,14.3,0.462,14,NA,7.19,0.84,1.64,0.217,2.23,4.5,NA,1.78,0.0308,3.97,0.122,0.31
"DTXSID2020341","Codeine","76-57-3","rat","24996",-344,-347,-371,-371,"2Comp",216,8.49,8720,NA,275,0.129,152,NA,216,4.41,24.9,0.521,8.49,8720,NA,3.98,0.00387,33.8,0.131,0.0817
"DTXSID7020348","Coumarin","91-64-5","rat","23064",-49.9,-84.9,Inf,-84.9,"1Comp",4.48,0.399,5.19,NA,4.48,0.399,5.19,NA,87.7,3.74,0.488,0.0217,0.00347,4.56,NA,148,0.000287,0.513,0.000147,1.74
"DTXSID8031077","Curcumin","458-37-7","rat","24817",-185,-206,-204,-206,"1Comp",258,2.14,0.434,NA,258,2.14,0.434,NA,23.2,16.8,0.0453,0.119,1.21,1.28,NA,1.04,0.0906,1.26,0.114,0.324
"DTXSID5032600","Cyclanilide","113136-77-9","rat","192",-1020,-1220,-1280,-1280,"2Comp",0.362,0.219,1.69,0.365,0.227,0.0738,3.83,0.257,0.362,0.114,0.581,0.268,0.219,1.69,0.365,4.6,0.0576,1.01,0.0582,3.16
"DTXSID0020365","Cyclosporin A","59865-13-3","rat","203, 204",-249,-272,-308,-308,"2Comp",1.6,0.36,NA,NA,1.03,0.0772,NA,NA,1.6,0.327,10.7,2.74,0.36,NA,NA,38,0.00525,13.7,0.072,1.92
"DTXSID50175419","Dabigatran","211914-51-1","rat","24819",-338,-399,-405,-405,"2Comp",14.4,0.76,1.29,NA,42.4,0.332,2.91,NA,14.4,6.43,0.177,0.142,0.76,1.29,NA,1.27,0.116,0.967,0.112,0.912
"DTXSID101027953","Darolutamide","1297538-32-9","rat","24997",-146,-176,-174,-176,"1Comp",1.71,0.173,0.904,NA,1.71,0.173,0.904,NA,0.172,0.13,0.0249,0.0768,0.403,0.492,NA,1.08,0.165,0.433,0.0715,4.01
"DTXSID1044196","Desloratadine","100643-71-8","rat","24998",-134,-169,Inf,-169,"1Comp",25.9,0.251,0.251,NA,25.9,0.251,0.251,NA,5.99,10.8,-0.304,0.686,0.0766,0.178,NA,3,0.996,0.23,0.229,2.76
"DTXSID6022896","Desipramine","50-47-5","rat","212",-74.3,-74.5,Inf,-74.5,"1Comp",21.8,0.108,NA,NA,21.8,0.108,NA,NA,NA,NA,NA,NA,NA,NA,NA,NA,NA,NA,NA,6.39
"DTXSID3022908","Dextromethorphan","125-71-3","rat","24812",-336,-373,Inf,-373,"1Comp",1050,0.416,16,NA,1050,0.416,16,NA,190,8.34,15.7,0.72,21.8,33.7,NA,1.73,0.011,37.8,0.415,1.67
"DTXSID2021781","Dibutyl 1,2-benzenedicarboxylate","84-74-2","rat","135",Inf,-49.5,Inf,-49.5,"1Comp",1.92,5.35,2.52e-09,8.65e-05,1.92,5.35,2.52e-09,8.65e-05,1.27,1.92,-0.377,1.11,5.35,2.18,0.5,0.909,0.251,4.86,1.22,0.13
"DTXSID4020406","Diazepam","439-14-5","rat","24999",-329,-371,-404,-404,"2Comp",5.71,1.68,227,NA,6.9,0.552,67.5,NA,5.71,2.58,0.958,0.787,1.68,227,NA,1.78,0.149,2.98,0.443,0.413
"DTXSID5037523","Diazoxon","962-58-3","rat","192",Inf,-885,-904,-904,"2Comp",271,8.04e-05,1.91,0.579,2.05,0.0977,62.3,0.43,271,1.94,0.156,0.00113,8.04e-05,1.91,0.579,1930,3.71e-06,0.157,5.76e-07,8620
"DTXSID1023815","Dibromoacetic acid","631-64-1","rat","133, 153",Inf,Inf,Inf,NA,"None",0.892,1.18,4.24,1.06,0.464,1.23,1.19,1.08,0.892,0.481,0.862,1.01,1.18,4.24,1.06,2.19,0.177,2.59,0.46,0.586
"DTXSID2020428","Dichloroacetic acid","79-43-6","rat","134",-671,-700,-694,-700,"1Comp",0.528,1.77,0.699,1,0.528,1.77,0.699,1,2.56,0.641,0.962,0.321,1.3,3.98,0.999,1.85,0.0719,2.41,0.173,0.392
"DTXSID0020868","Dichloromethane","75-09-2","rat",NA,Inf,Inf,Inf,NA,"None",NA,NA,NA,NA,NA,NA,NA,NA,NA,NA,NA,NA,NA,NA,NA,NA,NA,NA,NA,NA
"DTXSID5022934","Digoxin","20830-75-5","rat","24823",-494,-541,-552,-552,"2Comp",7.42,1.16,4.22,NA,11.7,0.237,10.2,NA,7.42,1.46,2.1,0.512,1.16,4.22,NA,3.11,0.0457,3.6,0.165,0.599
"DTXSID4025080","Diisobutyl ketone","108-83-8","rat","25000",-202,-233,Inf,-233,"1Comp",205,0.119,5.23,NA,205,0.119,5.23,NA,2220,186,0.158,0.0145,4.67e-05,4.56,NA,3630,2.31e-05,0.173,3.9e-06,5.82
"DTXSID50881104","Diltiazem","34933-06-7","rat","207",-214,-236,-258,-258,"2Comp",2.75,3.39,91,0.144,3.86,0.432,96.9,0.286,2.75,0.65,6.78,2.1,3.39,91,0.144,3.44,0.0524,11.7,0.611,0.204
"DTXSID4032376","Dimethenamid","87674-68-8","rat","192",-866,-911,-964,-964,"2Comp",160,0.805,1.73,0.599,40.2,0.0672,33.6,0.147,160,9.74,0.797,0.0517,0.805,1.73,0.599,2.02,0.0157,1.63,0.0256,0.861
"DTXSID1045536","Disopyramide","3737-09-5","rat","24825",-182,-199,Inf,-199,"1Comp",14.4,0.223,1.87,NA,14.4,0.223,1.87,NA,19.3,2.18,35,4.47,0.788,67.7,NA,51,0.00218,40.2,0.0876,3.1
"DTXSID5030955","Camphor","76-22-2","rat","165",-794,-852,-895,-895,"2Comp",6.28,3.61,NA,NA,5.62,0.228,NA,NA,6.28,0.426,14.3,1.04,3.61,NA,NA,5.2,0.0107,18.8,0.2,0.192
"DTXSID8021480","Doxorubicin","23214-92-8","rat","25002",-356,-379,Inf,-379,"1Comp",463,0.0861,89,NA,463,0.0861,89,NA,455,13.5,335,10.2,2.93,9480,NA,118,0.000248,348,0.0861,8.05
"DTXSID6048385","Duloxetine","116539-59-4","rat","25003",-368,-406,-409,-409,"2Comp",184,0.484,1.28,NA,317,0.167,0.518,NA,184,63.6,0.764,0.402,0.484,1.28,NA,3.14,0.0839,1.52,0.128,1.43
"DTXSID9043988","Efonidipine","111011-63-3","rat","24828",-253,-301,-297,-301,"1Comp",11.7,0.504,0.504,NA,11.7,0.504,0.504,NA,0.643,0.64,0.0101,1.73,0.527,0.559,NA,3.32,0.299,1.75,0.523,1.38
"DTXSID10160043","Elbasvir","1370468-36-2","rat","25004",-238,-273,402,-273,"1Comp",325,0.182,0.182,NA,325,0.182,0.182,NA,118,9.79,0.251,0.0227,0.283,0.111,NA,1.93,0.0216,0.545,0.0118,3.82
"DTXSID2020557","Ellagic acid","476-66-4","rat","25005",-326,-374,-402,-402,"2Comp",0.124,1.22,2.01,NA,0.495,0.187,7.72,NA,0.124,0.0306,0.477,0.156,1.22,2.01,NA,1.43,0.0627,1.75,0.11,0.566
"DTXSID5025231","Emodin","518-82-1","rat","160",Inf,-714,-706,-714,"1Comp",0.715,2.15,0.112,0.208,0.715,2.15,0.112,0.208,4.82,0.687,0.487,0.0809,1.9,2.38,0.999,1.27,0.0266,2.4,0.064,0.322
"DTXSID5022984","Enoxacin","74011-58-8","rat","24830",-151,-176,-177,-177,"2Comp",3.07,1.91,4.95,NA,6.09,0.471,13.6,NA,3.07,0.843,1.7,0.641,1.91,4.95,NA,2.06,0.079,3.94,0.311,0.362
"DTXSID9020584","Ethanol","64-17-5","rat","24832",37.3,40,42.4,37.3,"Flat",NA,NA,NA,NA,0.776,0.0981,16.1,NA,0.0223,0.0021,0.516,0.0537,6.03,23.4,NA,1.09,0.00755,6.55,0.0495,NA
"DTXSID0023030","Etizolam","40054-69-1","rat","25007",-252,-309,-323,-323,"2Comp",2.17,4.12,5.75,NA,13.9,1.33,12.2,NA,2.17,1.16,0.77,0.875,4.12,5.75,NA,1.23,0.141,5.05,0.714,0.168
"DTXSID8034586","Etoxazole","153233-91-1","rat","192",-1420,-1540,-1630,-1630,"2Comp",31.9,0.711,1.84,0.862,22.3,0.0838,7.44,0.418,31.9,3.93,0.806,0.113,0.711,1.84,0.862,2.22,0.0322,1.58,0.0509,0.975
"DTXSID5034141","Fadrozole","102676-47-1","rat","24833",-301,-389,Inf,-389,"1Comp",2.94,0.0782,0.993,NA,2.94,0.0782,0.993,NA,1.62,2.71,-0.00476,0.0119,0.0782,0.993,NA,0.927,0.177,0.0725,0.0128,8.86
"DTXSID2032390","Fenarimol","60168-88-9","rat","192",-684,-806,-815,-815,"2Comp",8,0.263,2.7,0.189,5.28,0.135,3.42,0.133,8,3.04,1.18,0.719,0.263,2.7,0.189,7.85,0.0443,2.07,0.0916,2.63
"DTXSID00861411","Fexofenadine","83799-24-0","rat","25008",-470,-481,-481,-481,"2Comp",250,1.59,3.72,NA,643,0.102,18.4,NA,250,20,1.86,0.162,1.59,3.72,NA,2.23,0.0206,3.54,0.0728,0.437
"DTXSID2032552","Flufenacet","142459-58-3","rat","192",-1370,-1410,Inf,-1410,"1Comp",62.4,0.0312,52,0.122,62.4,0.0312,52,0.122,427,53.1,0.114,0.0162,5.07e-06,401,0.131,21500,5.8e-06,0.13,6.31e-07,22.2
"DTXSID7023065","Flunitrazepam","1622-62-4","rat","25009",-189,-215,-232,-232,"2Comp",26.4,0.505,7.49,NA,22.2,0.371,67.5,NA,26.4,10.7,1.71,1.16,0.505,7.49,NA,6.32,0.0574,3.19,0.183,1.37
"DTXSID90382620","3-(Perfluoroheptyl)propanoic acid","812-70-4","rat","131",-3060,-3260,-3260,-3260,"2Comp",32.4,0.00829,1.07,0.999,24.2,0.00763,1.2,1,32.4,23.4,0.0044,0.0114,0.00829,1.07,0.999,2.31,0.257,0.0192,0.00494,83.6
"DTXSID7029904","2-(Perfluorooctyl)ethanol","678-39-7","rat","131",Inf,-3430,Inf,-3430,"1Comp",11.4,0.111,1.76,0.376,11.4,0.111,1.76,0.376,11.7,2.9,0.698,0.232,0.656,1.4,1.07,2.26,0.0691,1.48,0.103,6.27
"DTXSID7023067","Fluoxetine","54910-89-3","rat","24837",-272,-303,Inf,-303,"1Comp",110,0.0789,1.34,NA,110,0.0789,1.34,NA,0.141,125,-326,326,7.68e-05,1.67,NA,3590,0.325,0.279,0.0898,8.79
"DTXSID7032004","Flutamide","13311-84-7","rat","24838",-190,-198,Inf,-198,"1Comp",53.3,0.381,8.86,NA,53.3,0.381,8.86,NA,8.15,2.29,0.898,0.352,2.62,3.86,NA,1.38,0.0705,3.62,0.255,1.82
"DTXSID2020636","Fluvastatin","93957-54-1","rat","24839",-426,-473,-481,-481,"2Comp",3.61,1.19,2.14,NA,13.2,0.143,7.11,NA,3.61,0.666,0.673,0.152,1.19,2.14,NA,1.61,0.0491,1.93,0.0945,0.58
"DTXSID2044002","Fluvoxamine","54739-18-3","rat","24840",-147,-183,-195,-195,"2Comp",1.89,0.465,0.872,NA,5.19,0.141,1.72,NA,1.89,0.565,0.236,0.101,0.465,0.872,NA,1.59,0.0861,0.739,0.0637,1.49
"DTXSID8025337","Formamide","75-12-7","rat","172",-995,-1940,Inf,-1940,"1Comp",0.46,0.0331,2.96,0.579,0.46,0.0331,2.96,0.579,0.00021,0.488,-584,584,1.28e-05,3.26,0.58,15700,0.172,0.217,0.0345,20.9
"DTXSID60221219","Formic acid, ion(1-)","71-47-6","rat","17",-95.8,-99.7,Inf,-99.7,"1Comp",31.1,0.152,NA,NA,31.1,0.152,NA,NA,25.6,31.1,-0.00698,0.0395,0.152,NA,NA,0.936,0.296,0.142,0.0422,4.56
"DTXSID4032405","Formetanate hydrochloride","23422-53-9","rat","192",Inf,-101,Inf,-101,"1Comp",25.2,8.26e-08,2020,0.205,25.2,8.26e-08,2020,0.205,11.5,25.2,-0.000342,0.000629,2.44e-08,4190,0.205,280,0.00784,0.000287,5.35e-08,8390000
"DTXSID6023947","Carbon disulfide","75-15-0","rat","167",-204,-268,-280,-280,"2Comp",3.35,7.07,NA,NA,3.28,1.93,NA,NA,3.35,0.826,22.4,7.33,7.07,NA,NA,5,0.0415,35.3,1.47,0.098
"DTXSID0020652","Gemfibrozil","25812-30-0","rat","163",-1270,-1370,-1390,-1390,"2Comp",1.27,0.238,4.31,0.366,0.815,0.0597,10.6,0.275,1.27,0.234,2.03,0.461,0.238,4.31,0.366,11.3,0.0152,2.69,0.0408,2.91
"DTXSID6025355","Glutaraldehyde","111-30-8","rat","24845",-201,-198,Inf,-201,"Flat",NA,NA,NA,NA,27,0.0112,52.9,NA,41.7,16.4,0.689,0.446,8.8e-06,9550,NA,116000,3.39e-06,1.14,3.46e-06,NA
"DTXSID2031374","Glycidamide","5694-00-8","rat","24985",-258,-305,Inf,-305,"1Comp",1.66,0.332,2.65,NA,1.66,0.332,2.65,NA,1.45,1.45,-0.000294,1.12,0.332,2.65,NA,3.36,0.298,1.12,0.332,2.08
"DTXSID9020667","Glycine","56-40-6","rat","24846",-27.3,40.9,34.2,-27.3,"Flat",NA,NA,NA,NA,5.73,0.111,60.1,NA,15.6,5.23,0.119,0.0604,0.0593,11.1,NA,3.76,0.072,0.223,0.0161,NA
"DTXSID30575892","Oxoacetic acid--water (1/1)","563-96-2","rat","156",-280,-326,-368,-368,"2Comp",0.898,13.4,NA,NA,0.813,5.52,NA,NA,0.898,0.287,11.9,5.59,13.4,NA,NA,2.11,0.0938,28.3,2.65,0.0516
"DTXSID50159234","Grazoprevir","1350514-68-9","rat","25010",-253,-259,-255,-259,"1Comp",24.9,0.406,0.406,NA,24.9,0.406,0.406,NA,1.12,1.08,0.0181,0.571,0.54,0.573,NA,1.24,0.694,0.667,0.463,1.71
"DTXSID8020674","Griseofulvin","126-07-8","rat","24847",-232,-279,Inf,-279,"1Comp",5.39,0.989,0.989,NA,5.39,0.989,0.989,NA,0.951,1.21,-0.338,1.6,0.469,0.683,NA,1.85,1,0.868,0.868,0.701
"DTXSID2020682","Hexachlorobenzene","118-74-1","rat","174, 180",-8860,-8920,Inf,-8920,"1Comp",4.79,0.000306,4.11,0.999,4.79,0.000306,4.11,0.999,1.77,5.03,-0.0289,0.0445,0.000113,4.39,1.04,136,0.0213,0.0154,0.000325,2260
"DTXSID6022923","Diclofenac","15307-86-5","rat","206, 209",-138,-78.5,-189,-189,"2Comp",2.16,0.375,15.6,0.5,0.789,0.6,1.26,0.999,2.16,0.531,2.81,0.917,0.375,15.6,0.5,10.7,0.0214,4.01,0.0858,1.85
"DTXSID9046073","Hippuric acid","495-69-2","rat","24983",-156,-161,-171,-171,"2Comp",37.4,0.0232,5380,NA,15.1,0.0483,244,NA,37.4,10.3,0.573,0.218,0.0232,5380,NA,34.8,0.00774,0.807,0.00625,29.9
"DTXSID8023133","Hydromorphone","466-99-9","rat","25011",-361,-388,-405,-405,"2Comp",271,0.529,1.23,NA,110,0.356,10.5,NA,271,13.2,0.442,0.0227,0.529,1.23,NA,1.86,0.0125,0.982,0.0122,1.31
"DTXSID20157989","Ibrolipim","133208-93-2","rat","24848",-177,-223,-223,-223,"1Comp",1.34,0.418,1.07,NA,1.34,0.418,1.07,NA,0.0975,0.0746,0.0276,0.09,0.687,0.775,NA,1.05,0.12,0.719,0.0861,1.66
"DTXSID5020732","Ibuprofen","15687-27-1","rat",NA,Inf,Inf,Inf,NA,"None",NA,NA,NA,NA,NA,NA,NA,NA,NA,NA,NA,NA,NA,NA,NA,NA,NA,NA,NA,NA
"DTXSID8024151","Imazalil","35554-44-0","rat","192",Inf,-406,-437,-437,"2Comp",16.4,3.43,66.9,0.0179,11.4,0.668,58.4,0.0163,16.4,3.1,7.25,1.69,3.43,66.9,0.0179,3.47,0.0411,11.9,0.488,0.202
"DTXSID5032442","Imidacloprid","138261-41-3","rat","192",-845,Inf,Inf,-845,"Flat",NA,NA,NA,NA,2.74,0.0505,2.45,1.04,3.9,2.51,0.0279,0.0503,0.0631,2.71,1.08,1.8,0.247,0.113,0.028,NA
"DTXSID1043881","Imipramine","50-49-7","rat","211, 212",-188,-215,-229,-229,"2Comp",40,0.307,1.83,0.0779,8.12,0.0638,66.3,0.015,40,4.58,1.06,0.137,0.307,1.83,0.0779,4.82,0.0193,1.48,0.0285,2.26
"DTXSID701032738","Ipragliflozin","761423-87-4","rat","25012",-214,-259,-262,-262,"2Comp",1.71,0.615,1.95,NA,2.81,0.189,6.31,NA,1.71,0.587,0.583,0.306,0.615,1.95,NA,2.22,0.101,1.37,0.138,1.13
"DTXSID7022413","Isoeugenol","97-54-1","rat","157",-4020,-4210,-4490,-4490,"2Comp",25.1,1.95,6.39,0.397,20,0.161,36.2,0.3,25.1,1.44,3.72,0.226,1.95,6.39,0.397,2.98,0.013,5.82,0.0757,0.355
"DTXSID00200321","Isopsoralen","523-50-2","rat","24851",-29.7,-27.4,-25.9,-29.7,"Flat",NA,NA,NA,NA,0.151,0.0465,90.4,NA,0.128,0.00388,1.64,0.0513,0.866,2.72,NA,2.94,0.00687,2.54,0.0175,NA
"DTXSID7048320","Itopride","122898-67-3","rat","24852",-161,-179,-195,-195,"2Comp",14.7,0.545,4.35,NA,6.79,0.306,12.6,NA,14.7,2.04,1.2,0.194,0.545,4.35,NA,3.46,0.0299,1.88,0.0562,1.27
"DTXSID6020771","Ketoprofen","22071-15-4","rat","24796",-340,-343,-370,-370,"2Comp",2090,0.287,173,NA,751,0.15,205,NA,2090,246,3.46,0.462,0.287,173,NA,14.5,0.0076,4.18,0.0317,2.41
"DTXSID6041056","L-Arginine","74-79-3","rat","25013",-75.9,-94,Inf,-94,"1Comp",12.3,0.105,3.99,NA,12.3,0.105,3.99,NA,8.02,11.9,-0.00749,0.0228,0.105,3.99,NA,0.906,0.264,0.0952,0.0251,6.6
"DTXSID0022985","Ephedrine","299-42-3","rat","136",Inf,Inf,Inf,NA,"None",-0.316,0.236,6.52,0.159,0.0641,0.236,6.52,0.153,-0.316,0.0641,-5.85e-05,9.87e-06,0.236,6.52,0.159,1,4.18e-05,0.236,9.87e-06,2.93
"DTXSID9044247","Lactitol","585-86-4","rat","24856",-109,-125,-121,-125,"1Comp",35.1,0.682,0.682,NA,35.1,0.682,0.682,NA,8.24,6.27,0.285,0.905,1.02,1.38,NA,1.62,0.339,1.65,0.559,1.02
"DTXSID7023194","Lamivudine","134678-17-4","rat","24857",-213,-229,Inf,-229,"1Comp",2.77,0.81,0.81,NA,2.77,0.81,0.81,NA,0.312,0.658,-1,1.9,0.144,0.312,NA,3.75,0.942,0.539,0.508,0.855
"DTXSID8048812","Lemildipine","94739-29-4","rat","24858",-316,-345,-344,-345,"1Comp",32.3,0.305,6.31,NA,32.3,0.305,6.31,NA,58.1,20.1,0.274,0.145,0.34,3.95,NA,2.02,0.104,0.688,0.0718,2.28
"DTXSID8046664","Lenalidomide","191732-72-6","rat","24859",-103,-142,-139,-142,"1Comp",4.06,0.901,2.89,NA,4.06,0.901,2.89,NA,1.73,1.45,0.103,0.537,1.17,2.25,NA,1.15,0.348,1.35,0.468,0.77
"DTXSID40238683","Letermovir","917389-32-3","rat","25014",-311,-342,-353,-353,"2Comp",1.55,1.49,1.81,NA,5.53,0.495,5.19,NA,1.55,0.161,0.209,0.0242,1.49,1.81,NA,1.14,0.0125,1.7,0.0212,0.466
"DTXSID7023225","Lorazepam","846-49-1","rat","25016",-320,-329,-346,-346,"2Comp",17.9,0.98,2.22,NA,33.8,0.0794,34.5,NA,17.9,1.27,0.978,0.0745,0.98,2.22,NA,2.04,0.0183,2,0.0366,0.708
"DTXSID1045164","Loxoprofen","68767-14-6","rat","24861",-87.2,-111,-116,-116,"2Comp",0.313,2.02,5.01,NA,0.627,0.356,13.6,NA,0.313,0.0619,1.92,0.474,2.02,5.01,NA,2.07,0.0546,4.19,0.229,0.342
"DTXSID40870340","Lurasidone","367514-87-2","rat","25017",-259,-282,-278,-282,"1Comp",157,0.342,5.33,NA,157,0.342,5.33,NA,105,37.1,2.93,1.6,1.14,5.33,NA,4.69,0.0641,5.33,0.342,2.03
"DTXSID6024200","m-Cresol","108-39-4","rat","24863",-44,-79.4,Inf,-79.4,"1Comp",2.09,2.14,2.14,NA,2.09,2.14,2.14,NA,-1.93,0.268,-1.1,0.134,2.01,2.28,NA,0.259,1,0.519,0.519,0.324
"DTXSID00148077","Macelignan","107534-93-0","rat","24864",-358,-360,Inf,-360,"1Comp",280,0.016,74.5,NA,280,0.016,74.5,NA,280,280,-1.64e-06,0.000998,0.0161,12000,NA,1,0.0622,0.0161,0.000998,43.2
"DTXSID5048184","Melengestrol acetate","2919-66-6","rat","24865",-257,-265,-280,-280,"2Comp",1310,5.96e-05,1.73,NA,232,0.148,5.6,NA,1310,90.9,0.56,0.0418,5.96e-05,1.73,NA,9930,6.98e-06,0.602,4.13e-06,11600
"DTXSID5045174","Memantine","19982-08-2","rat","25018",-178,-201,-212,-212,"2Comp",7.43,1.18,1.99,NA,26.8,0.15,33.4,NA,7.43,1.24,0.59,0.118,1.18,1.99,NA,1.54,0.0425,1.81,0.0767,0.59
"DTXSID2021731","Methanol","67-56-1","rat","17",-29.5,-64.1,Inf,-64.1,"1Comp",0.992,0.305,NA,NA,0.992,0.305,NA,NA,0.746,0.992,-0.0148,0.0596,0.305,NA,NA,0.939,0.222,0.286,0.0635,2.28
"DTXSID5024219","Nitrite ion","14797-65-0","rat",NA,Inf,Inf,Inf,NA,"None",NA,NA,NA,NA,NA,NA,NA,NA,NA,NA,NA,NA,NA,NA,NA,NA,NA,NA,NA,NA
"DTXSID2020844","Methyl methacrylate","80-62-6","rat","24868",-75.7,-160,Inf,-160,"1Comp",3.63,5.63,5.63,NA,3.63,5.63,5.63,NA,14.4,9.59,3.29,6.58,6.58,2.19,NA,2,0.25,13.2,3.29,0.123
"DTXSID3020833","Methyl tert-butyl ether","1634-04-4","human","51",-347,-356,-363,-363,"2Comp",0.903,1.34,2.04,NA,5.64,0.185,16.1,NA,0.903,0.244,0.336,0.125,1.34,2.04,NA,1.27,0.0576,1.7,0.0981,0.517
"DTXSID5025607","Methyleugenol","93-15-2","rat","158, 170",-5240,-5780,-5840,-5840,"2Comp",3.78,0.334,14.1,0.0406,2.79,0.23,33.6,0.04,3.78,1.72,0.944,0.792,0.334,14.1,0.0406,5.78,0.0708,1.93,0.137,2.07
"DTXSID5023299","Methylphenidate","113-45-1","rat","25019",-353,-393,-399,-399,"2Comp",4.6,1.85,2.35,NA,41.1,0.485,5.93,NA,4.6,2.25,0.215,0.205,1.85,2.35,NA,1.13,0.0873,2.08,0.182,0.376
"DTXSID2023309","Metoprolol","51384-51-1","rat","24869",-348,-389,-412,-412,"2Comp",28.7,1.1,1.65,NA,63.5,0.346,4.42,NA,28.7,4.22,0.311,0.0534,1.1,1.65,NA,1.29,0.029,1.42,0.0413,0.63
"DTXSID6023319","Miconazole","22916-47-8","rat","24870",-624,-670,-667,-670,"1Comp",185,0.151,0.754,NA,185,0.151,0.754,NA,52.2,14.4,0.0687,0.0263,0.312,0.437,NA,1.24,0.055,0.386,0.0212,4.58
"DTXSID5023320","Midazolam","59467-70-8","rat",NA,Inf,Inf,Inf,NA,"None",NA,NA,NA,NA,NA,NA,NA,NA,NA,NA,NA,NA,NA,NA,NA,NA,NA,NA,NA,NA
"DTXSID1046716","Mofezolac","78967-07-4","rat","24872",-134,-157,-174,-174,"2Comp",5.53,1.22,15.4,NA,4.15,0.267,82.6,NA,5.53,1.31,1.75,0.542,1.22,15.4,NA,2.72,0.0603,3.31,0.199,0.569
"DTXSID6024206","Molinate","2212-67-1","rat","24873",-238,-258,-266,-266,"2Comp",55.6,2.47,5.91,NA,94,0.264,17.1,NA,55.6,3.13,2.82,0.168,2.47,5.91,NA,2.18,0.0143,5.38,0.0772,0.281
"DTXSID4040002","Monobutyl phthalate","131-70-4","rat",NA,Inf,Inf,Inf,NA,"None",NA,NA,NA,NA,NA,NA,NA,NA,NA,NA,NA,NA,NA,NA,NA,NA,NA,NA,NA,NA
"DTXSID9023336","Morphine","57-27-2","rat","24996",-376,-393,-390,-393,"1Comp",129,0.367,2.34,NA,129,0.367,2.34,NA,844,8.99,0.962,0.0104,0.035,1.14,NA,28.8,0.000358,1.01,0.00036,1.89
"DTXSID2020507","N,N-Dimethylaniline","121-69-7","rat","24983",-172,-215,Inf,-215,"1Comp",22.8,0.346,8.48,NA,22.8,0.346,8.48,NA,0.00263,25.9,-12700,12700,3.08e-05,10.6,NA,24800,0.646,0.79,0.494,2
"DTXSID3023342","Nadolol","42200-33-9","rat","24814",-250,-268,-266,-268,"1Comp",73.6,0.434,1.32,NA,73.6,0.434,1.32,NA,579,5.01,0.762,0.00664,0.071,0.923,NA,11.8,0.000671,0.839,0.000562,1.6
"DTXSID8020913","Naphthalene","91-20-3","rat","169",-1560,-1720,-1820,-1820,"2Comp",4.32,1.1,NA,NA,2.01,0.408,NA,NA,4.32,0.948,2.31,0.651,1.1,NA,NA,3.51,0.0477,3.88,0.185,0.628
"DTXSID2046624","Nilvadipine","75530-68-6","rat","219",Inf,-571,-573,-573,"2Comp",5.91,0.374,5.05,0.0341,3.46,0.192,55.8,0.0272,5.91,1.77,1.33,0.571,0.374,5.05,0.0341,5.83,0.045,2.18,0.098,1.85
"DTXSID5023372","Nitrazepam","146-22-5","rat","25023",-275,-327,Inf,-327,"1Comp",2.66,0.242,3.68,NA,2.66,0.242,3.68,NA,1.06,2.84,-1.26,2.02,0.0878,4.19,NA,4.79,1,0.421,0.421,2.86
"DTXSID7037680","Norfloxacin","70458-96-7","rat","24830",-159,-180,Inf,-180,"1Comp",26.1,0.594,19.4,NA,26.1,0.594,19.4,NA,2.77,29.3,-20.2,22.3,0.0527,25.6,NA,20.6,1,1.09,1.08,1.17
"DTXSID5034773","Novaluron","116714-46-6","rat","192",-1110,-1260,-1280,-1280,"2Comp",7.1,0.0549,0.335,0.689,3.86,0.0339,0.54,0.41,7.1,2.53,0.0939,0.052,0.0549,0.335,0.689,3.38,0.0831,0.185,0.0154,12.6
"DTXSID9022360","4-(1,1,3,3-Tetramethylbutyl)phenol","140-66-9","rat","60",Inf,-1460,-1560,-1560,"2Comp",49.9,0.311,2.18,0.103,37.3,0.048,2.6,0.069,49.9,7.73,1.54,0.282,0.311,2.18,0.103,6.74,0.02,2.09,0.0419,2.23
"DTXSID9023388","Olanzapine","132539-06-1","rat","25024",-207,-221,-233,-233,"2Comp",4.81,1.81,2.26,NA,46.9,0.213,25,NA,4.81,1.44,0.249,0.106,1.81,2.26,NA,1.15,0.0448,2.07,0.0927,0.384
"DTXSID3023390","Olopatadine","113806-05-6","rat","24877",-310,-348,-366,-366,"2Comp",0.952,1.43,1.86,NA,8.25,0.213,7.17,NA,0.952,0.335,0.218,0.118,1.43,1.86,NA,1.16,0.0609,1.67,0.102,0.483
"DTXSID6021080","Omeprazole","73590-58-6","rat","24812",-771,-788,-802,-802,"2Comp",18.9,3.99,5.73,NA,113,0.325,440,NA,18.9,1.87,1.4,0.154,3.99,5.73,NA,1.36,0.0208,5.43,0.113,0.174
"DTXSID8023393","Ondansetron","99614-02-5","rat","220",-795,-850,-894,-894,"2Comp",0.615,30.9,79.2,0.305,0.749,0.998,28.5,0.268,0.615,0.028,52.8,2.52,30.9,79.2,0.305,2.76,0.0107,85.3,0.911,0.0225
"DTXSID9044291","Oseltamivir","196618-13-0","rat","24878",-175,-207,-216,-216,"2Comp",3.85,2.07,2.99,NA,19.2,0.592,8.42,NA,3.85,1.53,0.437,0.289,2.07,2.99,NA,1.24,0.0912,2.56,0.234,0.335
"DTXSID1021087","Oxazepam","604-75-1","rat","159",-1550,-1790,-1940,-1940,"2Comp",13.1,0.189,1.24,0.241,8.88,0.0312,1.75,0.151,13.1,1.81,0.876,0.141,0.189,1.24,0.241,6.26,0.019,1.18,0.0225,3.67
"DTXSID5023407","Oxycodone","76-42-6","rat","25025",-504,-528,-540,-540,"2Comp",536,10.3,24,NA,1440,0.278,343,NA,536,24.5,12.2,0.587,10.3,24,NA,2.21,0.0116,22.9,0.265,0.067
"DTXSID5023794","Oxymetholone","434-07-1","rat","168",-584,-689,Inf,-689,"1Comp",5.64,0.163,1.85,0.166,5.64,0.163,1.85,0.166,7.16,0.403,10.5,0.626,2.28,12.6,0.165,5.83,0.00807,13.3,0.107,4.25
"DTXSID3023425","(-)-Paroxetine","61869-08-7","rat","25027",-330,-360,-357,-360,"1Comp",95.2,0.0596,1.1,NA,95.2,0.0596,1.1,NA,446,78.2,0.0839,0.0179,0.00356,0.925,NA,29.4,0.0058,0.105,0.000607,11.6
"DTXSID7021106","Pentachlorophenol","87-86-5","rat","161",-955,-1580,Inf,-1580,"1Comp",0.0821,0.0768,0.464,0.287,0.0821,0.0768,0.464,0.287,0.0843,0.0778,0.0655,0.778,0.0825,0.499,0.353,10.3,0.0887,0.851,0.0755,9.02
"DTXSID3031860","Perfluorodecanoic acid","335-76-2","rat","147",-1870,-2280,-2360,-2360,"2Comp",0.306,0.000804,0.6,0.793,0.161,0.000756,0.884,0.667,0.306,0.164,0.00166,0.0019,0.000804,0.6,0.793,4.95,0.0965,0.00398,0.000384,863
"DTXSID3037709","Potassium perfluorohexanesulfonate","3871-99-6","rat","143",-1130,-1150,Inf,-1150,"1Comp",0.351,0.00198,2.62,1,0.351,0.00198,2.62,1,0.0903,0.379,-0.0943,0.124,0.000606,2.29,1.05,45.1,0.1,0.0274,0.00274,350
"DTXSID3031862","Perfluorohexanoic acid","307-24-4","rat","145",Inf,Inf,Inf,NA,"None",1.47,0.164,3.33,1.02,1.37,0.18,2.93,1.05,1.47,1.03,0.0715,0.168,0.164,3.33,1.02,1.93,0.275,0.317,0.0872,4.23
"DTXSID80108992","Perfluorooctanesulfonate","45298-90-6","rat","148",-1450,-1870,-1910,-1910,"2Comp",0.278,0.000966,0.501,0.999,0.201,0.00085,0.602,0.913,0.278,0.194,0.0024,0.00553,0.000966,0.501,0.999,8.53,0.0786,0.00824,0.000647,718
"DTXSID8031865","Perfluorooctanoic acid","335-67-1","rat","131, 146, 192",Inf,Inf,Inf,NA,"None",7.68,1.06e-05,1.78,0.573,0.655,0.00174,2.34,0.69,7.68,0.293,0.0351,0.00139,1.06e-05,1.78,0.573,3150,1.21e-05,0.0365,4.04e-07,65400
"DTXSID6023440","Perindopril","82834-16-0","rat","24882",-394,-410,Inf,-410,"1Comp",137,0.152,5.1,NA,137,0.152,5.1,NA,528,108,0.302,0.0779,2.85e-05,3.88,NA,12900,1.59e-05,0.38,5.84e-06,4.55
"DTXSID8022292","Permethrin","52645-53-1","rat","192",-658,-723,Inf,-723,"1Comp",64.8,0.125,2.84,0.999,64.8,0.125,2.84,0.999,13.1,9.05,0.0943,0.211,0.128,2.63,1.08,2.79,0.211,0.358,0.0755,5.53
"DTXSID6021115","Petasitenine","60102-37-6","rat","25022",-235,-279,-295,-295,"2Comp",0.506,1.18,1.73,NA,2.65,0.255,5.28,NA,0.506,0.196,0.245,0.155,1.18,1.73,NA,1.23,0.0864,1.46,0.126,0.585
"DTXSID1021116","Phenacetin","62-44-2","human",NA,Inf,Inf,Inf,NA,"None",NA,NA,NA,NA,NA,NA,NA,NA,NA,NA,NA,NA,NA,NA,NA,NA,NA,NA,NA,NA
"DTXSID1021116","Phenacetin","62-44-2","rat","1, 221, 62, 63, 67",Inf,-356,-385,-385,"2Comp",1.87,0.663,7.19,0.331,1.03,0.531,11.1,0.261,1.87,0.855,0.532,0.451,0.663,7.19,0.331,2.17,0.144,1.44,0.208,1.05
"DTXSID5021122","Phenobarbital","50-06-6","rat","140",-909,-919,Inf,-919,"1Comp",20.8,0.014,0.568,NA,20.8,0.014,0.568,NA,6.3,21.3,-0.148,0.211,0.00548,0.604,NA,6.21,0.999,0.034,0.034,49.7
"DTXSID0021125","Phenolphthalein","77-09-8","rat","139",Inf,-835,-887,-887,"2Comp",1.41,1.15,NA,NA,0.939,0.218,NA,NA,1.41,0.23,1.24,0.242,1.15,NA,NA,2.19,0.0437,2.53,0.11,0.601
"DTXSID70904607","Phenolphthalein glucuronide","15265-26-6","rat","139",-573,-571,-567,-573,"Flat",NA,NA,NA,NA,1.57,6.28e-07,NA,NA,1.62,1.56,4.84e-06,0.000145,0.000173,NA,NA,1.11,0.679,0.000193,0.00013,NA
"DTXSID8020541","5,5-Diphenylhydantoin","57-41-0","rat","222, 223",-243,-256,-263,-263,"2Comp",3.69,0.174,4.71,1,1.38,0.27,9.59,0.804,3.69,0.941,0.775,0.266,0.174,4.71,1,6.77,0.0334,1.18,0.0393,3.99
"DTXSID1048384","Pitavastatin","147511-69-1","rat","24884",-346,-368,-378,-378,"2Comp",2.73,1.06,2.2,NA,5.85,0.222,5.66,NA,2.73,0.387,0.81,0.134,1.06,2.2,NA,1.82,0.0381,1.93,0.0736,0.651
"DTXSID40893458","Pomalidomide","19171-19-8","rat","24885",-304,-336,-332,-336,"1Comp",13.8,0.083,1.01,NA,13.8,0.083,1.01,NA,113,9.74,0.126,0.0118,0.0027,0.747,NA,51.9,0.00163,0.14,0.000228,8.35
"DTXSID3037707","Potassium perfluorobutanesulfonate","29420-49-3","rat","144",Inf,-1410,-1450,-1450,"2Comp",0.204,0.254,2.8,0.357,0.143,0.196,3.6,0.309,0.204,0.128,0.0674,0.113,0.254,2.8,0.357,1.39,0.231,0.353,0.0814,2.73
"DTXSID3043782","Pranlukast","103177-37-3","rat","24886",-317,-361,Inf,-361,"1Comp",66.5,0.136,0.364,NA,66.5,0.136,0.364,NA,25.8,57.5,-0.553,1,0.0493,0.364,NA,7.4,0.372,0.365,0.136,5.11
"DTXSID8023509","Primaquine","90-34-6","rat","25029",-139,-150,Inf,-150,"1Comp",44.1,0.692,883,NA,44.1,0.692,883,NA,17.4,1.36,20.4,1.74,21.5,11.1,NA,1.99,0.0205,42.8,0.875,1
"DTXSID7023510","Primidone","125-33-7","rat","140",Inf,-463,Inf,-463,"1Comp",1.11,0.216,1.12,NA,1.11,0.216,1.12,NA,0.684,1.23,-0.374,0.846,0.095,1.42,NA,2.98,0.999,0.284,0.283,3.21
"DTXSID6034849","Propamocarb hydrochloride","25606-41-1","rat","192",Inf,-596,-603,-603,"2Comp",8.88,2.97,7.85,0.0277,7.58,2.53,4.82,0.0191,8.88,6.19,1.45,3.35,2.97,7.85,0.0277,2.07,0.263,6.16,1.62,0.233
"DTXSID5048265","Propiverine","60569-19-9","rat","24887",-201,-291,Inf,-291,"1Comp",17.4,0.0448,0.607,NA,17.4,0.0448,0.607,NA,-274,16.1,-0.0177,0.000987,0.0448,0.607,NA,0.589,0.0635,0.0264,0.00168,15.5
"DTXSID4022527","Propylparaben","94-13-3","rat","64",Inf,Inf,-174,-174,"2Comp",55.5,2.88,100,NA,0.174,0.311,8200,NA,55.5,4.41,72,6.21,2.88,100,NA,28.1,0.00274,80.9,0.221,0.24
"DTXSID2020420","Propyzamide","23950-58-5","rat","192",Inf,-1640,Inf,-1640,"1Comp",9.56,0.109,3.55,0.998,9.56,0.109,3.55,0.998,13.3,9.05,0.0476,0.101,0.165,3.15,1.02,1.49,0.276,0.246,0.068,6.38
"DTXSID0023537","Pseudoephedrine","90-82-4","rat","136",-469,-530,-45.4,-530,"1Comp",187,5.65,0.303,NA,187,5.65,0.303,NA,181,10.6,6.25,0.387,23.8,18.5,NA,1.27,0.0101,30.2,0.306,0.123
"DTXSID00216205","Psoralen","66-97-7","rat","24851",-47.1,-45.5,Inf,-47.1,"Flat",NA,NA,NA,NA,0.175,0.0491,7.96,NA,0.147,0.00391,0.965,0.0264,0.581,1.65,NA,2.69,0.00629,1.56,0.00983,NA
"DTXSID9021924","Pyridine","110-86-1","rat","149, 162",Inf,-2360,Inf,-2360,"1Comp",0.798,0.0962,8.84,0.631,0.798,0.0962,8.84,0.631,0.316,0.977,-0.593,0.877,0.0276,10.4,0.711,5.63,1,0.156,0.156,7.2
"DTXSID8032673","Pyrithiobac sodium","123343-16-8","rat","192",Inf,-604,Inf,-604,"1Comp",0.678,0.13,3.03,1,0.678,0.13,3.03,1,0.998,0.588,0.185,0.265,0.173,3.45,1.07,3.1,0.159,0.538,0.0855,5.33
"DTXSID40868904","Quinaprilat","82768-85-2","rat","24889",-186,-203,-225,-225,"2Comp",0.386,1.03,4.79,NA,1.41,0.197,9.41,NA,0.386,0.145,0.133,0.08,1.03,4.79,NA,1.14,0.0598,1.17,0.0702,0.672
"DTXSID40143768","Quinotolast","101193-40-2","rat","24890",-381,-409,Inf,-409,"1Comp",10.7,0.241,23.3,NA,10.7,0.241,23.3,NA,4.33,11.2,-1.58,2.58,0.0887,25.4,NA,8.96,0.362,0.794,0.288,2.88
"DTXSID20230862","(R)-Metoprolol","81024-43-3","rat","216",-219,-238,-238,-238,"2Comp",19.9,16.6,27.7,NA,0.16,482,0.829,NA,19.9,2.05,8.92,1.03,16.6,27.7,NA,1.56,0.0255,25.9,0.659,0.0418
"DTXSID3044122","Rabeprazole","117976-89-3","rat","24891",-127,-138,Inf,-138,"1Comp",8.44,4.9,4.9,NA,8.44,4.9,4.9,NA,13.6,9.05,2.65,5.3,5.3,2.19,NA,2,0.25,10.6,2.65,0.141
"DTXSID7022253","Resmethrin","10453-86-8","rat","192",-670,-794,-823,-823,"2Comp",48.6,1.48,3.42,1,50.1,0.333,2.36,0.514,48.6,13.5,1.62,0.625,1.48,3.42,1,2.34,0.0774,3.46,0.267,0.468
"DTXSID4031980","Resveratrol","501-36-0","rat","25030",-202,-229,Inf,-229,"1Comp",234,0.253,0.685,NA,234,0.253,0.685,NA,-973,148,-0.0551,0.00727,0.253,0.685,NA,0.774,0.0478,0.196,0.00939,2.73
"DTXSID8045193","Risperidone","106266-06-2","rat","25031",-351,-364,-379,-379,"2Comp",136,0.284,3.03,NA,59.2,0.0797,30.8,NA,136,21.3,0.321,0.0595,0.284,3.03,NA,2.25,0.0415,0.637,0.0265,2.44
"DTXSID3057723","Rivaroxaban","366789-02-8","rat","24799",-351,-396,Inf,-396,"1Comp",9.03,0.397,0.397,NA,9.03,0.397,0.397,NA,-5.78,0.541,-0.173,0.0148,0.385,0.409,NA,0.514,0.146,0.198,0.0289,1.75
"DTXSID2039336","S-Bioallethrin","28434-00-6","rat","192",Inf,-554,-555,-555,"2Comp",34,0.757,25.1,0.0597,27.2,0.414,52.2,0.0564,34,15.2,2.11,1.71,0.757,25.1,0.0597,5.64,0.071,4.27,0.303,0.915
"DTXSID60230861","(S)-Metoprolol","81024-42-2","rat","216",-236,-252,-253,-253,"2Comp",23.7,20.2,35.5,NA,0.232,416,0.934,NA,23.7,2.14,12.2,1.21,20.2,35.5,NA,1.63,0.0226,32.9,0.744,0.0343
"DTXSID601010282","Safinamide","133865-89-1","rat","25033",-191,-219,Inf,-219,"1Comp",19.3,0.382,74.8,NA,19.3,0.382,74.8,NA,19.1,7.87,3.5,2.45,0.941,69,NA,6.95,0.054,6.54,0.353,1.81
"DTXSID3021726","Salicylamide","65-45-2","rat","25034",-65.9,-103,Inf,-103,"1Comp",10.2,2.85,3.94,NA,10.2,2.85,3.94,NA,2.46,4.74,-5.36,11.1,1.01,2.84,NA,3.92,0.72,3.95,2.84,0.243
"DTXSID7048328","Sarpogrelate","125926-17-2","rat","24894",-79.7,-110,-116,-116,"2Comp",0.436,11.7,195,NA,3.1,0.799,63.9,NA,0.436,0.0833,4.87,1.15,11.7,195,NA,1.45,0.047,16.9,0.794,0.0595
"DTXSID0075368","Scopoletin","92-61-5","rat","25035",-197,-230,-239,-239,"2Comp",1.94,6.35,8.1,NA,8.22,2,26.2,NA,1.94,0.297,1.07,0.192,6.35,8.1,NA,1.17,0.022,7.45,0.164,0.109
"DTXSID4021266","Senkirkine","2318-18-5","rat","24983",-244,-269,-290,-290,"2Comp",14.6,1.33,3.82,NA,8.35,0.662,9.74,NA,14.6,2.06,0.733,0.121,1.33,3.82,NA,1.58,0.0361,2.11,0.0761,0.521
"DTXSID50146144","Sepimostat","103926-64-3","rat","24895",-88.5,-87.3,-84.4,-88.5,"Flat",NA,NA,NA,NA,12.6,28.5,0.232,NA,209,9.33,0.42,0.0197,1.67,2.12,NA,1.25,0.0075,2.09,0.0157,NA
"DTXSID6023577","Sertraline","79617-96-2","rat","25036",-95.8,-112,Inf,-112,"1Comp",29.4,0.284,0.284,NA,29.4,0.284,0.284,NA,NA,NA,NA,NA,NA,NA,NA,NA,NA,NA,NA,2.44
"DTXSID40143602","Silmitasertib","1009820-21-6","rat","24896",-166,-199,Inf,-199,"1Comp",2.24,0.0478,3.01,NA,2.24,0.0478,3.01,NA,1.48,2.21,-0.00334,0.0102,0.0478,3.01,NA,0.909,0.258,0.0435,0.0112,14.5
"DTXSID4021268","Simazine","122-34-9","rat","192",Inf,-651,Inf,-651,"1Comp",3.59,1.94,0.769,0.11,3.59,1.94,0.769,0.11,6.6,3.88,0.271,0.386,1.83,2.21,1.05,1.18,0.151,2.16,0.327,0.357
"DTXSID70197572","Sitagliptin","486460-32-6","rat","25037",-289,-330,-330,-330,"2Comp",350,7.35e-05,8.13,NA,32,0.137,9.48,NA,350,29.9,0.172,0.016,7.35e-05,8.13,NA,2520,3.38e-05,0.188,6.27e-06,9430
"DTXSID3061635","C.I. Solvent Red 1","1229-55-6","rat","66",-260,-276,-281,-281,"2Comp",2.15,1.06,1.19,NA,52.1,0.195,3.64,NA,2.15,1.03,0.0662,0.0606,1.06,1.19,NA,1.07,0.0504,1.13,0.0569,0.655
"DTXSID0023589","Sotalol","3930-20-9","rat","24897",-203,-241,-238,-241,"1Comp",19.6,0.215,1.2,NA,19.6,0.215,1.2,NA,139,8.55,0.288,0.019,0.0677,0.825,NA,5.49,0.00931,0.371,0.00346,3.22
"DTXSID9023590","Sparfloxacin","110871-86-8","rat","24898",-218,-263,-269,-269,"2Comp",1.98,1.22,1.97,NA,9.66,0.171,5.53,NA,1.98,0.508,0.512,0.177,1.22,1.97,NA,1.46,0.0673,1.79,0.121,0.566
"DTXSID2021284","Styrene","100-42-5","rat","24899",-322,-352,-420,-420,"2Comp",2.25,7.88,203,NA,0.0299,163,1.56,NA,2.25,0.707,2.28,1.05,7.88,203,NA,1.32,0.0759,10.4,0.791,0.088
"DTXSID0021256","Sulfasalazine","599-79-1","rat","24900",-219,-237,-233,-237,"1Comp",96.4,0.0995,1.17,NA,96.4,0.0995,1.17,NA,76,37.7,0.143,0.141,0.174,0.75,NA,2.27,0.156,0.396,0.0619,6.97
"DTXSID4023628","Sumatriptan","103628-46-2","rat","6728",-152,-162,Inf,-162,"1Comp",8.03,0.714,0.714,NA,8.03,0.714,0.714,NA,0.689,2.25,-2.09,3.01,0.0837,0.285,NA,6,1,0.502,0.502,0.971
"DTXSID5046354","Tacrolimus","104987-11-3","rat","24902",-407,-418,-419,-419,"2Comp",442,0.229,0.808,NA,458,0.055,6.21,NA,442,32.9,0.417,0.0335,0.229,0.808,NA,2.92,0.0172,0.668,0.0115,3.03
"DTXSID9046786","Tadalafil","171596-29-5","rat","24903",-259,-312,Inf,-312,"1Comp",1.38,0.221,3.97,NA,1.38,0.221,3.97,NA,1.3,1.3,-0.000128,0.0706,0.221,3.97,NA,0.999,0.32,0.221,0.0707,3.13
"DTXSID0043763","Taltirelin","103300-74-9","rat","24904",-297,-312,-311,-312,"1Comp",36,0.347,2.87,NA,36,0.347,2.87,NA,130,1.12,1.02,0.00897,0.228,1.34,NA,5.53,0.00129,1.26,0.00162,2
"DTXSID1034187","Tamoxifen","10540-29-1","rat","141, 142",Inf,Inf,Inf,NA,"None",0.132,0.00149,35,0.166,23.5,0.21,53.9,0.215,0.132,190,-12300,12300,0.00149,35,0.166,2870,1,4.28,4.28,465
"DTXSID40167227","Tebipenem","161715-21-5","rat","25038",-88.9,-106,Inf,-106,"1Comp",0.503,2.23,2.23,NA,0.503,2.23,2.23,NA,0.023,0.0245,-0.0317,0.512,2.17,2.28,NA,0.981,0.245,2.13,0.522,0.311
"DTXSID10234975","Tedizolid","856866-72-3","rat","25039",-167,-235,-237,-237,"2Comp",1.81,0.314,7.93,NA,1.65,0.28,16.4,NA,1.81,1.35,0.12,0.356,0.314,7.93,NA,1.93,0.305,0.605,0.185,2.21
"DTXSID3046455","Telithromycin","191114-48-4","rat","24905",-181,-213,-212,-213,"1Comp",30,0.208,1.56,NA,30,0.208,1.56,NA,12.7,4.33,0.23,0.119,0.485,0.929,NA,1.56,0.101,0.758,0.0764,3.33
"DTXSID6048620","Teprenone","6809-52-5","rat","24906",-137,-169,Inf,-169,"1Comp",38.5,0.118,2.25,NA,38.5,0.118,2.25,NA,1.56,45.5,-10.3,10.7,0.00317,2.82,NA,58.8,0.973,0.186,0.181,5.9
"DTXSID3045809","Terguride","37686-84-3","rat","24907",-441,-502,-504,-504,"2Comp",284,0.000114,3.38,NA,23.5,0.149,3.9,NA,284,20.9,0.187,0.0148,0.000114,3.38,NA,1750,4.21e-05,0.201,8.4e-06,6070
"DTXSID0041436","2-Methyl-2-butanol","75-85-4","human","51",-277,-322,-318,-322,"1Comp",1.95,0.185,14.6,NA,1.95,0.185,14.6,NA,1.96,1.86,0.0277,0.481,0.189,6.31,NA,2.78,0.331,0.524,0.173,3.75
"DTXSID8024521","tert-Amyl methyl ether","994-05-8","human","51",-322,-343,-366,-366,"2Comp",5.39,1.04,2.4,NA,12.7,0.267,15.9,NA,5.39,2.04,0.462,0.28,1.04,2.4,NA,1.54,0.114,1.6,0.182,0.666
"DTXSID8020204","tert-Butyl alcohol","75-65-0","human","51",-324,-378,-374,-378,"1Comp",1.39,0.0781,7.28,NA,1.39,0.0781,7.28,NA,1.41,1.38,0.00165,0.0582,0.0774,6.62,NA,1.07,0.655,0.0829,0.0543,8.88
"DTXSID2021319","Tetrachloroethylene","127-18-4","rat","4",-55.5,-81.9,-79.5,-81.9,"1Comp",12.7,0.0863,1.23,NA,12.7,0.0863,1.23,NA,2.84,1.13,0.145,0.0962,0.378,0.621,NA,1.46,0.119,0.554,0.0657,8.03
"DTXSID1026118","Tetralin","119-64-2","rat","152",-1710,-1830,-2000,-2000,"2Comp",6.32,1.72,NA,NA,2.74,0.19,NA,NA,6.32,0.657,2.5,0.29,1.72,NA,NA,2.55,0.0258,4.4,0.114,0.402
"DTXSID9022524","Thalidomide","50-35-1","rat","24910",-148,-205,Inf,-205,"1Comp",1.46,0.17,0.17,NA,1.46,0.17,0.17,NA,0.453,1.52,-0.72,1.03,0.0269,0.204,NA,6.18,1,0.166,0.166,4.09
"DTXSID80184817","Theanine","3081-61-6","rat","13346",3.54,-33.4,-31.2,-33.4,"1Comp",0.264,0.678,2.31,NA,0.264,0.678,2.31,NA,0.042,0.0323,0.0619,0.205,1.17,1.5,NA,1.06,0.155,1.24,0.193,1.02
"DTXSID5021336","Theophylline","58-55-9","rat","24911",-131,-189,-186,-189,"1Comp",0.639,0.18,2.14,NA,0.639,0.18,2.14,NA,0.443,0.24,0.413,0.487,0.356,1.53,NA,3.08,0.144,1.1,0.158,3.84
"DTXSID1051432","Thiodiglycolic acid","123-93-3","rat","155",-353,-443,-489,-489,"2Comp",0.977,4.79,NA,NA,1.41,0.486,NA,NA,0.977,0.142,4.48,0.761,4.79,NA,NA,2.01,0.0392,9.65,0.378,0.145
"DTXSID90238097","Tofogliflozin","903565-83-3","rat","25040",-161,-192,-201,-201,"2Comp",4.3,0.418,2.29,NA,3.83,0.309,16.8,NA,4.3,2.31,0.162,0.188,0.418,2.29,NA,1.55,0.188,0.646,0.122,1.66
"DTXSID8021359","Tolbutamide","64-77-7","rat","225, 226",-85.1,Inf,Inf,-85.1,"Flat",NA,NA,NA,NA,0.207,0.151,5.2,1.04,0.106,0.0829,0.336,1.19,0.188,5.05,1.04,8.36,0.0906,1.57,0.142,NA
"DTXSID6046763","Triazolam","28911-01-5","rat","25041",-429,-485,-493,-493,"2Comp",203,0.759,4190000,NA,30.6,0.916,68.7,NA,203,26.7,0.397,0.0602,0.759,4190000,NA,1.55,0.033,1.18,0.0388,0.913
"DTXSID0021383","Trichloroethylene","79-01-6","rat","18, 29",-226,-251,-313,-313,"2Comp",0.319,11.6,16,NA,2.57,0.817,422,NA,0.319,0.087,1.9,0.712,11.6,16,NA,1.17,0.0447,13.6,0.607,0.0599
"DTXSID5032498","Triclosan","3380-34-5","rat","192",Inf,-335,Inf,-335,"1Comp",0.618,0.065,NA,NA,0.618,0.065,NA,NA,0.0665,2.63,-198,203,0.0328,NA,NA,78.7,0.999,2.58,2.58,10.7
"DTXSID2026238","Trimethylamine","75-50-3","rat","24913",-167,-198,Inf,-198,"1Comp",1.86,0.336,1.4,NA,1.86,0.336,1.4,NA,0.838,2.03,-1.18,2,0.109,1.7,NA,4.28,0.999,0.468,0.468,2.06
"DTXSID6023733","Valproic acid","99-66-1","rat","227, 228",-65.7,-202,Inf,-202,"1Comp",0.221,1.1,1.02,0.875,0.221,1.1,1.02,0.875,0.519,0.232,0.455,0.368,0.848,2.79,1.07,1.72,0.147,1.46,0.214,0.629
"DTXSID201029738","Vaniprevir","923590-37-8","rat","25042",-111,-111,Inf,-111,"1Comp",43.7,1.05,1.05,NA,43.7,1.05,1.05,NA,NA,NA,NA,NA,NA,NA,NA,NA,NA,NA,NA,0.659
"DTXSID40152299","Vibegron","1190389-15-1","rat","25043",-250,Inf,-260,-260,"2Comp",108,0.146,0.347,NA,34.8,0.0616,8090,NA,108,1.46,0.172,0.00237,0.146,0.347,NA,2.18,0.0034,0.319,0.00109,4.73
"DTXSID5023742","Warfarin","81-81-2","rat","24918",-126,-174,-172,-174,"1Comp",0.257,0.0703,6.75,NA,0.257,0.0703,6.75,NA,0.279,0.222,0.0203,0.0795,0.0772,1.35,NA,1.68,0.365,0.13,0.0473,9.86
"DTXSID4020290","[4-Chloro-6-(2,3-xylidino)-2-pyrimidinylthio]acetic acid","50892-23-4","rat","173",-881,-1050,-1040,-1050,"1Comp",0.449,0.327,3.18,0.853,0.449,0.327,3.18,0.853,0.519,0.351,0.261,0.545,0.469,2.25,0.999,2.19,0.243,1.03,0.249,2.12
"DTXSID7045946","Zolpidem","82626-48-0","rat","25045",-248,-289,Inf,-289,"1Comp",10.9,0.526,69.2,NA,10.9,0.526,69.2,NA,0.605,0.175,1,0.408,7.89,9.51,NA,1.13,0.0403,8.94,0.36,1.32
"DTXSID9046023","Zonisamide","68291-97-4","rat","24892",-135,-171,Inf,-171,"1Comp",1.71,0.0636,0.631,NA,1.71,0.0636,0.631,NA,1.51,1.54,-0.000247,0.0156,0.0636,0.631,NA,0.995,0.247,0.0632,0.0157,10.9
